image: hanoi_map.pgm
resolution: 0.00500
origin: [0.000000, 0.000000, 0.000000]
negate: 0
occupied_thresh: 0.65
free_thresh: 0.196

